0.00000 0.00000 0.00000 0.00000 0.00000 1.00000
0.00000 0.00000 0.00000 0.00000 0.00000 1.00000
0.00000 0.00000 0.00000 0.00000 0.00000 1.00000
0.00000 0.00000 0.00000 0.00000 0.00000 1.00000
0.00000 0.00000 0.00000 0.00000 0.00000 1.00000
0.00000 0.00000 0.00000 0.00000 0.60000 0.40000
0.00000 0.00000 0.00000 0.15000 0.60000 0.25000
0.00000 0.00000 0.00000 0.30000 0.60000 0.10000
0.00000 0.00000 0.00000 0.40000 0.50000 0.10000
0.00000 0.00000 0.00000 0.45000 0.45000 0.10000
0.00000 0.00000 0.00000 0.50000 0.40000 0.10000
0.00000 0.00000 0.00000 0.50000 0.45000 0.05000
0.00000 0.00000 0.00000 0.55000 0.40000 0.05000
0.00000 0.00000 0.00000 0.00000 0.00000 1.00000
0.00000 0.00000 0.00000 0.00000 0.00000 1.00000
0.00000 0.00000 0.00000 0.00000 0.20000 0.80000
0.00000 0.00000 0.00000 0.10000 0.30000 0.60000
0.00000 0.00000 0.00000 0.15000 0.45000 0.40000
0.00000 0.00000 0.00000 0.20000 0.50000 0.30000
0.00000 0.00000 0.00000 0.30000 0.50000 0.20000
0.00000 0.00000 0.00000 0.40000 0.50000 0.10000
0.00000 0.00000 0.00000 0.50000 0.50000 0.00000
0.00000 0.00000 0.05000 0.60000 0.35000 0.00000
0.00000 0.00000 0.25000 0.50000 0.25000 0.00000
0.00000 0.00000 0.45000 0.40000 0.15000 0.00000
0.00000 0.00000 0.65000 0.25000 0.10000 0.00000
0.00000 0.00000 0.00000 0.00000 0.00000 1.00000
0.00000 0.00000 0.00000 0.00000 0.00000 1.00000
0.00000 0.00000 0.00000 0.00000 0.00000 1.00000
0.00000 0.00000 0.00000 0.40000 0.20000 0.40000
0.00000 0.00000 0.00000 0.50000 0.20000 0.30000
0.00000 0.00000 0.00000 0.65000 0.20000 0.15000
0.00000 0.00000 0.00000 0.80000 0.20000 0.00000
0.00000 0.00000 0.05000 0.80000 0.15000 0.00000
0.00000 0.00000 0.10000 0.80000 0.10000 0.00000
0.00000 0.00000 0.20000 0.80000 0.00000 0.00000
0.00000 0.00000 0.40000 0.60000 0.00000 0.00000
0.00000 0.00000 0.60000 0.40000 0.00000 0.00000
0.00000 0.00000 0.80000 0.20000 0.00000 0.00000
0.00000 0.00000 0.00000 0.00000 0.00000 1.00000
0.00000 0.00000 0.00000 0.10000 0.30000 0.60000
0.00000 0.00000 0.00000 0.40000 0.20000 0.40000
0.00000 0.00000 0.00000 0.25000 0.50000 0.25000
0.00000 0.00000 0.00000 0.50000 0.40000 0.10000
0.00000 0.00000 0.00000 0.55000 0.45000 0.00000
0.00000 0.00000 0.10000 0.60000 0.30000 0.00000
0.00000 0.00000 0.20000 0.65000 0.15000 0.00000
0.00000 0.00000 0.30000 0.70000 0.00000 0.00000
0.00000 0.00000 0.40000 0.60000 0.00000 0.00000
0.00000 0.00000 0.60000 0.40000 0.00000 0.00000
0.00000 0.20000 0.60000 0.20000 0.00000 0.00000
0.00000 0.40000 0.60000 0.00000 0.00000 0.00000
0.00000 0.00000 0.00000 0.00000 0.00000 1.00000
0.00000 0.00000 0.00000 0.15000 0.45000 0.40000
0.00000 0.00000 0.00000 0.50000 0.20000 0.30000
0.00000 0.00000 0.00000 0.50000 0.40000 0.10000
0.00000 0.00000 0.00000 0.25000 0.50000 0.25000
0.00000 0.00000 0.00000 0.80000 0.20000 0.00000
0.00000 0.00000 0.20000 0.70000 0.10000 0.00000
0.00000 0.00000 0.30000 0.70000 0.00000 0.00000
0.00000 0.00000 0.45000 0.55000 0.00000 0.00000
0.00000 0.20000 0.50000 0.30000 0.00000 0.00000
0.00000 0.30000 0.60000 0.10000 0.00000 0.00000
0.00000 0.40000 0.60000 0.00000 0.00000 0.00000
0.00000 0.60000 0.40000 0.00000 0.00000 0.00000
0.00000 0.00000 0.00000 0.00000 0.60000 0.40000
0.00000 0.00000 0.00000 0.20000 0.50000 0.30000
0.00000 0.00000 0.00000 0.65000 0.20000 0.15000
0.00000 0.00000 0.00000 0.55000 0.45000 0.00000
0.00000 0.00000 0.00000 0.80000 0.20000 0.00000
0.00000 0.00000 0.00000 0.25000 0.50000 0.25000
0.00000 0.00000 0.20000 0.80000 0.00000 0.00000
0.00000 0.00000 0.40000 0.60000 0.00000 0.00000
0.00000 0.10000 0.60000 0.30000 0.00000 0.00000
0.00000 0.30000 0.60000 0.10000 0.00000 0.00000
0.00000 0.50000 0.50000 0.00000 0.00000 0.00000
0.50000 0.30000 0.20000 0.00000 0.00000 0.00000
1.00000 0.00000 0.00000 0.00000 0.00000 0.00000
0.00000 0.00000 0.00000 0.15000 0.60000 0.25000
0.00000 0.00000 0.00000 0.30000 0.50000 0.20000
0.00000 0.00000 0.00000 0.80000 0.20000 0.00000
0.00000 0.00000 0.10000 0.60000 0.30000 0.00000
0.00000 0.00000 0.20000 0.70000 0.10000 0.00000
0.00000 0.00000 0.20000 0.80000 0.00000 0.00000
0.00000 0.20000 0.50000 0.30000 0.00000 0.00000
0.00000 0.00000 0.40000 0.60000 0.00000 0.00000
0.00000 0.00000 0.60000 0.40000 0.00000 0.00000
0.00000 0.20000 0.70000 0.10000 0.00000 0.00000
0.20000 0.30000 0.50000 0.00000 0.00000 0.00000
0.40000 0.30000 0.30000 0.00000 0.00000 0.00000
0.70000 0.30000 0.00000 0.80000 0.00000 0.00000
0.00000 0.00000 0.00000 0.40000 0.50000 0.10000
0.00000 0.00000 0.00000 0.50000 0.50000 0.00000
0.00000 0.00000 0.05000 0.80000 0.15000 0.00000
0.00000 0.00000 0.20000 0.65000 0.15000 0.00000
0.00000 0.00000 0.30000 0.70000 0.00000 0.00000
0.00000 0.00000 0.40000 0.60000 0.00000 0.00000
0.00000 0.00000 0.50000 0.50000 0.00000 0.00000
0.00000 0.30000 0.50000 0.20000 0.00000 0.00000
0.00000 0.40000 0.40000 0.20000 0.00000 0.00000
0.20000 0.50000 0.30000 0.00000 0.00000 0.00000
1.00000 0.00000 0.00000 0.00000 0.00000 0.00000
1.00000 0.00000 0.00000 0.00000 0.00000 0.00000
1.00000 0.00000 0.00000 0.00000 0.00000 0.00000
0.00000 0.00000 0.00000 0.40000 0.50000 0.10000
0.00000 0.00000 0.00000 0.60000 0.40000 0.00000
0.00000 0.00000 0.10000 0.70000 0.20000 0.00000
0.00000 0.00000 0.50000 0.50000 0.00000 0.00000
0.00000 0.00000 0.70000 0.30000 0.00000 0.00000
0.00000 0.15000 0.70000 0.15000 0.00000 0.00000
0.00000 0.30000 0.60000 0.10000 0.00000 0.00000
0.00000 0.50000 0.50000 0.00000 0.00000 0.00000
0.00000 0.50000 0.50000 0.00000 0.00000 0.00000
1.00000 0.00000 0.00000 0.00000 0.00000 0.00000
1.00000 0.00000 0.00000 0.00000 0.00000 0.00000
1.00000 0.00000 0.00000 0.00000 0.00000 0.00000
1.00000 0.00000 0.00000 0.00000 0.00000 0.00000
0.00000 0.00000 0.00000 0.45000 0.45000 0.10000
0.00000 0.00000 0.00000 0.70000 0.30000 0.00000
0.00000 0.00000 0.30000 0.60000 0.10000 0.00000
0.00000 0.00000 0.50000 0.50000 0.00000 0.00000
0.00000 0.30000 0.40000 0.30000 0.00000 0.00000
0.00000 0.60000 0.30000 0.10000 0.00000 0.00000
0.00000 0.80000 0.20000 0.00000 0.00000 0.00000
0.00000 0.90000 0.10000 0.00000 0.00000 0.00000
1.00000 0.00000 0.00000 0.00000 0.00000 0.00000
0.15000 0.50000 0.35000 0.00000 0.00000 0.00000
1.00000 0.00000 0.00000 0.00000 0.00000 0.00000
1.00000 0.00000 0.00000 0.00000 0.00000 0.00000
1.00000 0.00000 0.00000 0.00000 0.00000 0.00000
0.00000 0.00000 0.00000 0.50000 0.40000 0.10000
0.00000 0.00000 0.10000 0.70000 0.20000 0.00000
0.00000 0.00000 0.40000 0.60000 0.00000 0.00000
0.00000 0.00000 0.70000 0.30000 0.00000 0.00000
0.00000 0.40000 0.60000 0.00000 0.00000 0.00000
0.30000 0.40000 0.30000 0.00000 0.00000 0.00000
0.60000 0.40000 0.00000 0.00000 0.00000 0.00000
1.00000 0.00000 0.00000 0.00000 0.00000 0.00000
1.00000 0.00000 0.00000 0.00000 0.00000 0.00000
1.00000 0.00000 0.00000 0.00000 0.00000 0.00000
0.30000 0.50000 0.20000 0.00000 0.00000 0.00000
1.00000 0.00000 0.00000 0.00000 0.00000 0.00000
1.00000 0.00000 0.00000 0.00000 0.00000 0.00000
0.00000 0.00000 0.00000 0.50000 0.45000 0.05000
0.00000 0.00000 0.20000 0.60000 0.20000 0.00000
0.00000 0.00000 0.50000 0.50000 0.00000 0.00000
0.00000 0.40000 0.40000 0.20000 0.00000 0.00000
0.40000 0.40000 0.20000 0.00000 0.00000 0.00000
1.00000 0.00000 0.00000 0.00000 0.00000 0.00000
1.00000 0.00000 0.00000 0.00000 0.00000 0.00000
1.00000 0.00000 0.00000 0.00000 0.00000 0.00000
1.00000 0.00000 0.00000 0.00000 0.00000 0.00000
1.00000 0.00000 0.00000 0.00000 0.00000 0.00000
1.00000 0.00000 0.00000 0.00000 0.00000 0.00000
0.40000 0.50000 0.10000 0.00000 0.00000 0.00000
0.00000 0.00000 0.00000 0.00000 0.00000 0.00000
0.00000 0.00000 0.00000 0.50000 0.50000 0.00000
0.00000 0.00000 0.20000 0.60000 0.20000 0.00000
0.00000 0.00000 0.50000 0.50000 0.00000 0.00000
0.00000 0.40000 0.50000 0.10000 0.00000 0.00000
0.40000 0.40000 0.20000 0.00000 0.00000 0.00000
1.00000 0.00000 0.00000 0.00000 0.00000 0.00000
1.00000 0.00000 0.00000 0.00000 0.00000 0.00000
1.00000 0.00000 0.00000 0.00000 0.00000 0.00000
1.00000 0.00000 0.00000 0.00000 0.00000 0.00000
1.00000 0.00000 0.00000 0.00000 0.00000 0.00000
1.00000 0.00000 0.00000 0.00000 0.00000 0.00000
1.00000 0.00000 0.00000 0.00000 0.00000 0.00000
0.50000 0.50000 0.00000 0.00000 0.00000 0.00000
